1 0.7047604166666667 0.6181944444444444 0.10341145833333334 0.05681481481481481
1 0.6401770833333333 0.5360277777777778 0.08106770833333334 0.05848148148148148
1 0.6163177083333333 0.5106203703703704 0.074625 0.04924074074074074
1 0.57075 0.46366666666666667 0.06813020833333333 0.04499074074074074
1 0.6694895833333334 0.567925925925926 0.094359375 0.05812962962962963
1 0.5515208333333333 0.4423148148148148 0.06283333333333334 0.04326851851851852
1 0.4819322916666666 0.679212962962963 0.10796875 0.07262037037037038
1 0.59271875 0.4864537037037037 0.07025520833333333 0.04808333333333333
1 0.451546875 0.6417962962962963 0.094078125 0.07075925925925926
1 0.5357395833333333 0.42612037037037037 0.060765625000000004 0.041490740740740745
1 0.3956145833333334 0.568574074074074 0.08883333333333333 0.06152777777777778
1 0.4219583333333333 0.602037037037037 0.08740104166666667 0.05772222222222222
1 0.379015625 0.5341481481481481 0.08541145833333334 0.046685185185185184
1 0.521578125 0.40625 0.06133854166666666 0.03819444444444445
1 0.5439479166666668 0.7287314814814815 0.08709895833333332 0.09597222222222222
1 0.7368177083333334 0.6783888888888888 0.102109375 0.07796296296296297
1 0.7275416666666668 0.7356759259259259 0.07934375 0.08849074074074073
1 0.6376979166666668 0.7591111111111112 0.07251041666666666 0.10183333333333333