1 0.10733854166666666 0.537074074074074 0.11050520833333333 0.060259259259259255
1 0.159875 0.5536388888888888 0.10359375 0.059444444444444446
1 0.21231770833333333 0.5648240740740741 0.10722395833333334 0.059861111111111115
1 0.263296875 0.5815925925925925 0.10777604166666667 0.06217592592592593
1 0.31946875 0.5999537037037037 0.10995833333333334 0.07108333333333333
1 0.374296875 0.6230092592592593 0.118390625 0.06687037037037037
1 0.44240625 0.6329259259259259 0.11918229166666668 0.0745
1 0.20095312499999998 0.4879166666666667 0.09982812499999999 0.06225925925925926
1 0.24981770833333333 0.501287037037037 0.09585416666666666 0.05839814814814815
1 0.298609375 0.5032222222222222 0.09722395833333333 0.0697037037037037
1 0.3499322916666667 0.5142037037037037 0.09527083333333333 0.06062962962962963
1 0.9362552083333333 0.5908148148148149 0.09691145833333333 0.09518518518518518