0 0.5029296875 0.6503154805575936 0.3466796875 0.2628319882611886
0 0.49658203125 0.512472487160675 0.1822509765625 0.11711665443873807
0 0.76416015625 0.5572267057960382 0.196044921875 0.17773294203961848
0 0.6490625 0.48515774027879677 0.1435595703125 0.09644167278063095
0 0.4986962890625 0.46221570066030815 0.118974609375 0.06713132795304476
0 0.2529296875 0.5634629493763756 0.235107421875 0.16397652237710933
0 0.209833984375 0.5154071900220103 0.1783349609375 0.10739545121056493
0 0.348662109375 0.487527512839325 0.145244140625 0.09262655906089508
0 0.3890185546875 0.4546221570066031 0.1068798828125 0.05305942773294203
0 0.608271484375 0.45316214233308877 0.1018505859375 0.05402054292002934
0 0.3427734375 0.43800440205429203 0.0849609375 0.037828319882611885
0 0.4138623046875 0.4364269992663243 0.07171875 0.03952311078503301
0 0.5824658203125 0.4342479823917828 0.0715966796875 0.04151870873074102
0 0.649755859375 0.4416727806309611 0.079453125 0.04943506969919295
0 0.6247509765625 0.42801173881144533 0.055419921875 0.029735876742479826
0 0.50458984375 0.4432281731474688 0.1073046875 0.03756419662509171
0 0.787470703125 0.5140792369772561 0.1873388671875 0.11942039618488628