0 0.64334375 0.2252777777777778 0.05624479166666666 0.05092592592592592
0 0.5820729166666666 0.33096296296296296 0.07490625 0.06678703703703703
0 0.6521875 0.3102962962962963 0.06618229166666666 0.06373148148148149
0 0.6991354166666667 0.21466666666666667 0.05071875 0.04187037037037037
0 0.7751874999999999 0.22640740740740742 0.04644270833333333 0.03456481481481481
0 0.826703125 0.21394444444444444 0.050296875 0.037009259259259256
0 0.8079791666666666 0.3055277777777778 0.07477083333333333 0.05287037037037037
0 0.7494270833333334 0.32473148148148145 0.063671875 0.060500000000000005
0 0.47490625000000003 0.506074074074074 0.10451562499999999 0.09949074074074074
0 0.5843697916666667 0.46275925925925926 0.101046875 0.09635185185185186
0 0.6966875 0.4899444444444444 0.106625 0.09817592592592593
0 0.7911979166666666 0.45441666666666664 0.098546875 0.08743518518518519
0 0.7464062499999999 0.7856018518518519 0.15601041666666668 0.16196296296296295
0 0.5866562500000001 0.8458703703703704 0.17225520833333335 0.10922222222222222
0 0.43528645833333335 0.8211203703703703 0.17896354166666667 0.16423148148148148